	SRR3240401_final	GCA_000982575.1	SRR3240409_final	GCF_000495995.1	GCF_000496035.1	GCF_001011675.1	GCF_001521765.1	GCF_001483145.1	GCF_001051975.1	SRR3240402_final	SRR3240405_final	GCF_000955665.1	GCF_000495935.1	GCF_000496015.1	GCF_001521735.1	GCF_000495975.1	GCF_001521815.1	GCF_000689515.1	GCF_001050935.1	SRR3240399_final	GCF_000495955.1	GCF_000769445.1	GCF_000689455.1	GCF_000367325.1	SRR3240400_final	GCF_000401415.1	SRR3240398_final	SRR3240414_final	SRR3240407_final	GCF_001521755.1	GCF_000240095.1	GCA_000773465.1	SRR3240397_final	GCF_000331815.1	SRR3240410_final	SRR3240412_final	SRR3240404_final	GCF_000735205.1	GCF_001482795.1	SRR3240413_final	SRR3240411_final	SRR3240408_final	GCF_000447375.1	GCF_000496055.1	SRR3240403_final	SRR3240406_final	GCF_000495935.2	GCF_001521745.1
SRR3240401_final	1.0	0.9838147821680188	0.9995937127040959	0.9855691634007295	0.9822225505240741	0.9829919168886703	0.9016677212370612	0.9244176428396477	0.9855123952522229	0.9996079001870308	0.99955271482488	0.9197434017595307	0.9854439331720274	0.9847510376871224	0.9190232712248309	0.9855414341079695	0.9861412050276913	0.9837715503989531	0.9842616646380744	0.9997367191119474	0.9855670539896476	0.9208529498066454	0.9838111515554303	0.8419568949887182	0.9994307003606582	0.8418768927466744	0.9995876965321852	0.9996094236667856	0.9996000743201718	0.8420655734741338	0.9858133432279409	0.9773710601907225	0.9996099601553026	0.9859128349067198	0.9994425793116567	0.9995882183563899	0.9996026499470284	0.9785376873501549	0.982446801273504	0.9996018201633378	0.9996113840766345	0.9996198361932251	0.9814711690825105	0.982191019922007	0.9996061301034304	0.9995043270280206	0.9853953065341795	0.9237070898572438
GCA_000982575.1	0.9838147821680188	1.0	0.9838310982229596	0.982098964041602	0.9810420671106289	0.9816530509135646	0.9009215185022276	0.9231683517302233	0.9836150392891191	0.9838106717700429	0.9838042371817293	0.9184807322693996	0.9820941669966139	0.9820514634779122	0.9177858132231329	0.9820696044343592	0.9949695263202717	0.982730342774323	0.9967743876136484	0.9838191268418613	0.9820762286832072	0.9171116847473254	0.9826643841443882	0.8418615400695553	0.9838088657993612	0.841910445272509	0.983786162641332	0.9838279491002345	0.9838370476968502	0.8419465243702551	0.9839200722685751	0.9766259729753785	0.9838149251638684	0.9838120088179247	0.983716498620203	0.9837934352758032	0.9838146795539434	0.9778697377930599	0.9806959860653164	0.9838038505915522	0.9838282289681979	0.9838275046010403	0.9804071634063743	0.9809969280302043	0.9838093467285104	0.9837200333312685	0.9820759764579989	0.9223229223638449
SRR3240409_final	0.9995937127040959	0.9838310982229596	1.0	0.9856021939934679	0.9822896124822589	0.9829973334134388	0.9023810394305434	0.9244047438249933	0.9855620277315671	0.9997510055743627	0.9995402473909363	0.9198292320416908	0.9854883994148984	0.9847707417617433	0.9190811470194904	0.9855874135490573	0.9861661004870611	0.9838929989222992	0.9843073666962517	0.9997175630646146	0.9855996406126494	0.9209391510908221	0.983949837075487	0.8421968913538742	0.9994149894597238	0.8421115632446603	0.9996101809602915	0.9995929904193417	0.9996117825680753	0.842312083667704	0.985851935328206	0.9775210493539446	0.9995973852321214	0.9859655544756346	0.9994221313605303	0.9995634774962935	0.999590670483295	0.9786472006747365	0.9826300902920071	0.9995816313630891	0.9995947942985174	0.9995829446645282	0.9815588079620978	0.9822524378984059	0.9995176567906701	0.999540519599865	0.9854151343733032	0.9235563164149867
GCF_000495995.1	0.9855691634007295	0.982098964041602	0.9856021939934679	1.0	0.9835304079500895	0.9844373352126783	0.9014045674642659	0.923979447131218	0.9824923216936916	0.9855756337329304	0.9854850345766767	0.9194371766610638	0.9994797159594179	0.9981854232072804	0.9184479586131946	0.9990103727595939	0.9837740265185644	0.983513198757764	0.9826268031398994	0.9855730741528954	0.9987806761317523	0.9202816582449029	0.9834659905546875	0.8416266829286378	0.9855632218083898	0.8416055655576697	0.9855940447676932	0.9855721433533038	0.9856066988715014	0.8416076557718062	0.9833034744412608	0.977872221580296	0.9855701163901677	0.9832388210280661	0.9852498392135183	0.9855555974637635	0.9855568454138748	0.9790827721923364	0.9819074065059843	0.9855629222822844	0.9855673965362077	0.9855776056420231	0.9818145440732569	0.9829171072749193	0.9855740716562511	0.9855525587425786	0.9995684139211602	0.9231772505186617
GCF_000496035.1	0.9822225505240741	0.9810420671106289	0.9822896124822589	0.9835304079500895	1.0	0.985163145383025	0.9021527462096417	0.9250371431171055	0.9817913916179619	0.9822329605112069	0.9822024554673772	0.9201740686108552	0.983749779330496	0.9826535708250537	0.9201392896876758	0.9835766920682173	0.9827121706993304	0.9831621287686799	0.981635589041842	0.9822335565131077	0.9833932661322278	0.91884228153354	0.9830647237903555	0.8418869270974243	0.9822110410228673	0.841854942384881	0.9822428420838366	0.9822324410515635	0.9822847124750523	0.8418311805221178	0.9824292452156261	0.977589178289622	0.9822373229775442	0.982327407782832	0.9820542800051713	0.9822550327082926	0.9822299946975369	0.9791553675759546	0.9809683628646167	0.9822243769709221	0.9822284858850524	0.9822223908538789	0.9815066161979911	0.9994503667496256	0.9822335200463563	0.9822832912579416	0.9836060920120604	0.9245881935393434
GCF_001011675.1	0.9829919168886703	0.9816530509135646	0.9829973334134388	0.9844373352126783	0.985163145383025	1.0	0.9019078310290379	0.9250011086507277	0.9819648525296287	0.9830436564211249	0.9829733723606809	0.9194107765421833	0.9843730417745316	0.984370323171672	0.9194185520056637	0.9844306510284987	0.9829595329467934	0.9837260562166763	0.9822967946434463	0.9829941912525961	0.9844740919956718	0.9196076591376575	0.9837213162722127	0.8440536395686246	0.9830223352039539	0.8432766329981339	0.9829889230667738	0.9829947611486145	0.9829962186135071	0.8440411715986169	0.9823970240667246	0.9793268810123551	0.9829940819689513	0.9823853287492716	0.9828589709103159	0.9829830273734984	0.9829783107201291	0.9805399085797696	0.98040868451021	0.9829943836721977	0.9829920431193248	0.9830442638324832	0.9818553335484721	0.9850734817549509	0.983044292651522	0.9829643089187888	0.9843392911770528	0.9234845203278361
GCF_001521765.1	0.9016677212370612	0.9009215185022276	0.9023810394305434	0.9014045674642659	0.9021527462096417	0.9019078310290379	1.0	0.9201037778704539	0.9025345135435987	0.9016669930153278	0.9016637658569324	0.9192430294297984	0.9013488903011266	0.9013938980228979	0.9182631160340239	0.9013611835000861	0.9017673482923056	0.9021490777941923	0.9010355936500616	0.9016675675560644	0.9013776268476366	0.9179025156362783	0.9021406117612387	0.842507848692221	0.9016660910212375	0.8424385665550596	0.9023806682485095	0.9016790973324474	0.9023939640021366	0.8426428759413718	0.9025523592214224	0.8998524775923665	0.901668265798879	0.9025167014363038	0.9017059719930607	0.9016809809310039	0.9016741155281767	0.9008111477251006	0.9019935703936433	0.9016643498767233	0.9016739596076716	0.9016685527756816	0.901414018667348	0.9025212252699907	0.9016661107592561	0.9023557198558924	0.9012946140756384	0.9185553806898475
GCF_001483145.1	0.9244176428396477	0.9231683517302233	0.9244047438249933	0.923979447131218	0.9250371431171055	0.9250011086507277	0.9201037778704539	1.0	0.9254296660262993	0.9244153045840916	0.9244347635840617	0.9364563728521793	0.9239255172462125	0.9241695668961574	0.9352617524741638	0.9239724041431745	0.924983636298645	0.9250661655548026	0.9234305727822854	0.9244173505577031	0.9239330367964672	0.9342015506628558	0.9250354831810605	0.8415910810211895	0.9244032984550393	0.8415183935190054	0.9243522382915079	0.9244273751751233	0.9243433570439881	0.84152181331106	0.9248799228688785	0.9216478443220697	0.9244142854554349	0.92492056204263	0.9245080550795832	0.924449968205579	0.9244358306108929	0.9225633240810118	0.9265593608896899	0.9244169226983883	0.9244260988109024	0.9244189207438236	0.923831771136571	0.9249771961788573	0.9244153878664431	0.924375542584292	0.9239130371451927	0.9708133299826701
GCF_001051975.1	0.9855123952522229	0.9836150392891191	0.9855620277315671	0.9824923216936916	0.9817913916179619	0.9819648525296287	0.9025345135435987	0.9254296660262993	1.0	0.9855095098278633	0.9854504442421045	0.9197226319504478	0.9823918744151584	0.9824765782531882	0.9201104876661237	0.9824199686818228	0.9835974775088422	0.9831806934464007	0.984377805033902	0.9855100166894881	0.9824592668966377	0.9201008320175675	0.9831807324201887	0.8425329329413118	0.9854812377987138	0.8424560924082697	0.9855632234798075	0.9855139441024551	0.9855632100945396	0.8423401433519035	0.9981549800526321	0.9777914736814003	0.9855030540556654	0.9980858774667601	0.9853694416372898	0.9855069902539441	0.985508142950299	0.9790255310702888	0.9824582908032503	0.9855126095064312	0.9855154186579795	0.9855097613882864	0.9816431994697162	0.9827983142575529	0.9855073789823235	0.9855218057433756	0.9822589721862913	0.9245561577831036
SRR3240402_final	0.9996079001870308	0.9838106717700429	0.9997510055743627	0.9855756337329304	0.9822329605112069	0.9830436564211249	0.9016669930153278	0.9244153045840916	0.9855095098278633	1.0	0.999703758619872	0.919743320852905	0.9854504038282955	0.9847576134843761	0.9190250331686542	0.9855479051384473	0.9861375890185465	0.9837686716236655	0.9842576240605034	0.999732623254174	0.9855735281017037	0.9208513935594552	0.9838088913865366	0.8419658313219119	0.9994371039315225	0.841880673793981	0.9995913539425257	0.9997686070424587	0.999760429821675	0.8420796774116495	0.9858106519352469	0.9773621903727047	0.9996135592063214	0.9859096082640579	0.9995765862104083	0.9997401128099136	0.9997636093475618	0.9785343968969334	0.9824427232076421	0.9997596822294958	0.9997656183251274	0.9997815948778896	0.9814693680076764	0.982201854142932	0.999775740706251	0.9996608058132745	0.9854006349642356	0.9237069424243499
SRR3240405_final	0.99955271482488	0.9838042371817293	0.9995402473909363	0.9854850345766767	0.9822024554673772	0.9829733723606809	0.9016637658569324	0.9244347635840617	0.9854504442421045	0.999703758619872	1.0	0.9197452548337383	0.9853729513851148	0.9846959854020622	0.9190503364374021	0.9854708031878823	0.9861177670335161	0.9837229424486517	0.984245632840492	0.9996726332069249	0.9854826152180931	0.9208621066911733	0.9837783245439956	0.8420079013141981	0.9993707962516235	0.8419229022243675	0.9995276864003787	0.9995630876025916	0.9995477136156906	0.8421217376263919	0.9857467921758255	0.9773290343586938	0.9995499867440917	0.9858704334217161	0.9993865060310805	0.9995360197475703	0.9995371588447526	0.9785194256557138	0.9824460190291388	0.9995536928856812	0.9995622889789563	0.9995671199719737	0.9814550637823926	0.9821924086091146	0.9994764737696052	0.9994477906963486	0.9852970011705358	0.9237137536704629
GCF_000955665.1	0.9197434017595307	0.9184807322693996	0.9198292320416908	0.9194371766610638	0.9201740686108552	0.9194107765421833	0.9192430294297984	0.9364563728521793	0.9197226319504478	0.919743320852905	0.9197452548337383	1.0	0.9193923034032017	0.919311365810542	0.9715742856026749	0.9193485566555696	0.9192853638909765	0.9198243374398634	0.9188920579032742	0.9197435708694113	0.9193995661889367	0.9714079509470375	0.9198162939369783	0.8423713997960386	0.9197228502626476	0.8422696340476833	0.9198410121124585	0.9197409398108968	0.9197982377777334	0.842344386322702	0.9193724273998853	0.9176384775809708	0.9197463755388084	0.919114223478066	0.9197638866045231	0.919748871317173	0.919746605538451	0.9185894961223475	0.9195994799834463	0.9197480156645844	0.9197563475117461	0.9197366403376243	0.918852070824663	0.9199030084773478	0.919743320852905	0.9198335819118558	0.9194589134661485	0.9366231461295881
GCF_000495935.1	0.9854439331720274	0.9820941669966139	0.9854883994148984	0.9994797159594179	0.983749779330496	0.9843730417745316	0.9013488903011266	0.9239255172462125	0.9823918744151584	0.9854504038282955	0.9853729513851148	0.9193923034032017	1.0	0.9986161637946358	0.9183322241672816	0.9994518427682578	0.9837680938654887	0.983490583749928	0.9826733086829987	0.9854478721487748	0.9995739873105505	0.9202324375553709	0.9834449528411172	0.8416537310300435	0.9854380662849914	0.8416338165731099	0.9854800549506462	0.985446961760297	0.9854925599428308	0.8416953959519717	0.9832393417551566	0.9778222429063781	0.9854448918319133	0.9831888433024908	0.9851612282645728	0.9854434028423033	0.9854315703514552	0.9789848344165893	0.9818205559052872	0.985437940252498	0.9854551455394703	0.985452095042151	0.9817234820758456	0.9832466724353386	0.9854488427269587	0.9854388405368465	0.9997131042214534	0.9231495709560874
GCF_000496015.1	0.9847510376871224	0.9820514634779122	0.9847707417617433	0.9981854232072804	0.9826535708250537	0.984370323171672	0.9013938980228979	0.9241695668961574	0.9824765782531882	0.9847576134843761	0.9846959854020622	0.919311365810542	0.9986161637946358	1.0	0.9185103708075483	0.9983424173338739	0.9837263147285433	0.9833805065278224	0.9825477934203188	0.9847551979424032	0.9982391727237531	0.9179772452927807	0.9833472507308363	0.8416562978254816	0.9847390999073363	0.8416484887254119	0.9847617679513988	0.9847543875582416	0.9847724606837066	0.8416732731503976	0.9832091173590378	0.9778401381092234	0.9847520434767048	0.9831425594279484	0.9844801245562914	0.9847378629980432	0.9847385012001801	0.9790243848476485	0.9818159717249264	0.9847451268275859	0.9847487120091226	0.9847592798840281	0.9816428793386279	0.9821313174419314	0.984756032928885	0.984721931708754	0.9987691239930231	0.9227465690978677
GCF_001521735.1	0.9190232712248309	0.9177858132231329	0.9190811470194904	0.9184479586131946	0.9201392896876758	0.9194185520056637	0.9182631160340239	0.9352617524741638	0.9201104876661237	0.9190250331686542	0.9190503364374021	0.9715742856026749	0.9183322241672816	0.9185103708075483	1.0	0.9183086604814265	0.9193997461347174	0.9198014705227806	0.9181459608062574	0.9190295101274201	0.9184250095805455	0.9961696607101129	0.9197822722205181	0.8412809949966065	0.9190485062028516	0.8411320147933752	0.9190556746750684	0.9190573856995884	0.919053619048441	0.8413782268736629	0.9196603688509961	0.9179302778473362	0.9190289557750271	0.9196238297789097	0.9191175544556771	0.919047633414593	0.9190468501721023	0.9188537966148491	0.9201037631703636	0.9190444045490411	0.9190460737330667	0.9190257002119683	0.9195758405150722	0.9200224603091106	0.9190299047825929	0.9190377291587037	0.9184493281115436	0.935776063548786
GCF_000495975.1	0.9855414341079695	0.9820696044343592	0.9855874135490573	0.9990103727595939	0.9835766920682173	0.9844306510284987	0.9013611835000861	0.9239724041431745	0.9824199686818228	0.9855479051384473	0.9854708031878823	0.9193485566555696	0.9994518427682578	0.9983424173338739	0.9183086604814265	1.0	0.9837734424828662	0.983436727216033	0.9826736291303984	0.985545351490231	0.9988513554345373	0.9203001761938578	0.9833935578911741	0.8416759993066877	0.9855359126663854	0.8416561286445862	0.9855792383963531	0.9855444251213812	0.9855918739953005	0.8416295792620423	0.9832189753211078	0.9778130067365233	0.9855423884456371	0.9831473120476221	0.9852392246447408	0.9855419482967588	0.9855291049976292	0.9789967767764377	0.9818514523818702	0.9855359760468185	0.9855527252764319	0.9855523509398953	0.9816770358977684	0.9830628681040262	0.9855463431265459	0.9855377848209389	0.9994489054333555	0.9231485939150871
GCF_001521815.1	0.9861412050276913	0.9949695263202717	0.9861661004870611	0.9837740265185644	0.9827121706993304	0.9829595329467934	0.9017673482923056	0.924983636298645	0.9835974775088422	0.9861375890185465	0.9861177670335161	0.9192853638909765	0.9837680938654887	0.9837263147285433	0.9193997461347174	0.9837734424828662	1.0	0.9838925833727072	0.9957682738240445	0.9861363312372072	0.9838387313490958	0.9193508917604152	0.9838444007322066	0.8422019815651243	0.9861235377197465	0.8421676266185067	0.9861614263132659	0.9861411794114102	0.9861602863487261	0.8423570733740526	0.9841608111088558	0.977633982722351	0.9861417902744805	0.9841559136800415	0.9859891498635197	0.9861247240759717	0.9861267407511605	0.9789078911997726	0.9823060628271408	0.98613165664999	0.9861372185696585	0.9861411172988265	0.9811914583748649	0.983628588674176	0.986137034885635	0.986123611445216	0.9836710206518979	0.923850516891596
GCF_000689515.1	0.9837715503989531	0.982730342774323	0.9838929989222992	0.983513198757764	0.9831621287686799	0.9837260562166763	0.9021490777941923	0.9250661655548026	0.9831806934464007	0.9837686716236655	0.9837229424486517	0.9198243374398634	0.983490583749928	0.9833805065278224	0.9198014705227806	0.983436727216033	0.9838925833727072	1.0	0.9828838043160579	0.9837659357210613	0.9835408694996167	0.9198067332836108	0.999652335062826	0.8421106265030776	0.983739048601256	0.8420216971720611	0.9838824343386499	0.9837724925264517	0.9839244641825425	0.84206249665415	0.9833865486164409	0.9764197717413718	0.9837729447467607	0.9834159901807059	0.9836118791110482	0.9837543745740155	0.983764335609045	0.9779331478028634	0.9807129346159319	0.9837721637974287	0.98376672327054	0.9837821463911146	0.9805830580683232	0.9829603219208871	0.9837689861438833	0.9838560052635272	0.983340278105687	0.9246090573558569
GCF_001050935.1	0.9842616646380744	0.9967743876136484	0.9843073666962517	0.9826268031398994	0.981635589041842	0.9822967946434463	0.9010355936500616	0.9234305727822854	0.984377805033902	0.9842576240605034	0.984245632840492	0.9188920579032742	0.9826733086829987	0.9825477934203188	0.9181459608062574	0.9826736291303984	0.9957682738240445	0.9828838043160579	1.0	0.9842628902073934	0.9827489187792405	0.9177548060024254	0.9829577078040247	0.8421769509370611	0.984252168654338	0.8421016380425622	0.984267054015119	0.9842717337288063	0.9843041462000706	0.8421533059965254	0.9846007877329466	0.9769856653338271	0.9842628625913028	0.9845848128849422	0.9841660375511058	0.9842248093207078	0.984258994141477	0.978214136992356	0.9812582532880753	0.984251229246296	0.9842807791754643	0.9842813375301201	0.9809617733766923	0.9816271951097414	0.9842573489832912	0.984198156949443	0.9826234031909458	0.9226122322053022
SRR3240399_final	0.9997367191119474	0.9838191268418613	0.9997175630646146	0.9855730741528954	0.9822335565131077	0.9829941912525961	0.9016675675560644	0.9244173505577031	0.9855100166894881	0.999732623254174	0.9996726332069249	0.9197435708694113	0.9854478721487748	0.9847551979424032	0.9190295101274201	0.985545351490231	0.9861363312372072	0.9837659357210613	0.9842628902073934	1.0	0.9855712390372969	0.9208556234024052	0.9838052456330099	0.8419770775486621	0.9996670601101811	0.8418920046547822	0.9995812654040075	0.9997334009567972	0.9997239800464369	0.8420908646295873	0.9858133997524505	0.9773588635435281	0.9996079655091162	0.9859099081390403	0.9995685953730199	0.9997067117361467	0.999724499299695	0.9785387094371912	0.9824331536176532	0.9997293311417914	0.9997354917073972	0.9997349127329656	0.9814639491157723	0.9822011294699358	0.9997316119077572	0.9996275718306233	0.9853994750233337	0.9237103894510795
GCF_000495955.1	0.9855670539896476	0.9820762286832072	0.9855996406126494	0.9987806761317523	0.9833932661322278	0.9844740919956718	0.9013776268476366	0.9239330367964672	0.9824592668966377	0.9855735281017037	0.9854826152180931	0.9193995661889367	0.9995739873105505	0.9982391727237531	0.9184250095805455	0.9988513554345373	0.9838387313490958	0.9835408694996167	0.9827489187792405	0.9855712390372969	1.0	0.9202514528395819	0.9834877168070909	0.8416404374056737	0.9855611101927275	0.8416136525255086	0.9855917591283098	0.9855703079948785	0.985604140323399	0.8416078871689554	0.9832574438219418	0.9778528972172671	0.9855682792200385	0.9831929917126618	0.9852522134719985	0.9855535641899551	0.985554999764974	0.9790992841530309	0.9819209869745417	0.9855608607438753	0.9855653692729986	0.9855750035173644	0.9817430340449564	0.9828592632496953	0.9855719651302347	0.9855499789034662	0.9995691266201159	0.9231526641990566
GCF_000769445.1	0.9208529498066454	0.9171116847473254	0.9209391510908221	0.9202816582449029	0.91884228153354	0.9196076591376575	0.9179025156362783	0.9342015506628558	0.9201008320175675	0.9208513935594552	0.9208621066911733	0.9714079509470375	0.9202324375553709	0.9179772452927807	0.9961696607101129	0.9203001761938578	0.9193508917604152	0.9198067332836108	0.9177548060024254	0.9208556234024052	0.9202514528395819	1.0	0.9198555494287101	0.8413987189253996	0.9208587244609712	0.8412876030518199	0.9209171364163918	0.9208817992864754	0.9209172017805172	0.8414271118455077	0.9197240313043593	0.9179130607150853	0.9208551890535615	0.9196461863529022	0.9209371701237409	0.9208790964984264	0.9208746642931752	0.9188284702386669	0.920160675005175	0.9208704755517303	0.9208758822931264	0.9208523454330525	0.9195951393798688	0.9189536594482163	0.9208558956605306	0.9208806082453878	0.9203374031160828	0.9360484239403065
GCF_000689455.1	0.9838111515554303	0.9826643841443882	0.983949837075487	0.9834659905546875	0.9830647237903555	0.9837213162722127	0.9021406117612387	0.9250354831810605	0.9831807324201887	0.9838088913865366	0.9837783245439956	0.9198162939369783	0.9834449528411172	0.9833472507308363	0.9197822722205181	0.9833935578911741	0.9838444007322066	0.999652335062826	0.9829577078040247	0.9838052456330099	0.9834877168070909	0.9198555494287101	1.0	0.8421109311297154	0.9837789306118198	0.8420176767192622	0.98393997169021	0.9838121716413807	0.9839727461158788	0.8420298729624902	0.9833259857806906	0.9764331642542486	0.9838128782561069	0.9833543762508166	0.9836408782605761	0.9837962300079077	0.9838040251023007	0.9778624789741822	0.9806505616944863	0.9838123444162497	0.9838095654092763	0.9838104559633855	0.9805598408988948	0.9829565395310242	0.983809204639405	0.9839129453853963	0.9832895955435239	0.9245963920527867
GCF_000367325.1	0.8419568949887182	0.8418615400695553	0.8421968913538742	0.8416266829286378	0.8418869270974243	0.8440536395686246	0.842507848692221	0.8415910810211895	0.8425329329413118	0.8419658313219119	0.8420079013141981	0.8423713997960386	0.8416537310300435	0.8416562978254816	0.8412809949966065	0.8416759993066877	0.8422019815651243	0.8421106265030776	0.8421769509370611	0.8419770775486621	0.8416404374056737	0.8413987189253996	0.8421109311297154	1.0	0.8419914201385621	0.9993787742161067	0.8422844328270107	0.8419751430557508	0.8421600987136266	0.9992894938048958	0.8416747282944654	0.8412002334874256	0.8419770775486621	0.8414099529845557	0.8421302934279249	0.8420095574560874	0.8419792873976825	0.8417118373214949	0.8417322684921088	0.8419646094666386	0.8419848884965164	0.8419764327176917	0.8412221716487158	0.8419599854085698	0.8419632505085816	0.8422253243661081	0.8418691047846344	0.8420177746115256
SRR3240400_final	0.9994307003606582	0.9838088657993612	0.9994149894597238	0.9855632218083898	0.9822110410228673	0.9830223352039539	0.9016660910212375	0.9244032984550393	0.9854812377987138	0.9994371039315225	0.9993707962516235	0.9197228502626476	0.9854380662849914	0.9847390999073363	0.9190485062028516	0.9855359126663854	0.9861235377197465	0.983739048601256	0.984252168654338	0.9996670601101811	0.9855611101927275	0.9208587244609712	0.9837789306118198	0.8419914201385621	1.0	0.8419064077034466	0.9995234947934608	0.9994356941864294	0.9994246082446011	0.8421051952525762	0.9857749984787602	0.9773135316069155	0.9995407295729676	0.9858840725186121	0.9992628880371602	0.9994080150237493	0.9994284026182096	0.9785059296704144	0.9824241226361239	0.9994279966274946	0.9994326926746123	0.9994459670317315	0.9814135055957307	0.9821889050326625	0.9994340900587809	0.9993210645418195	0.9853793687819221	0.9236722950205584
GCF_000401415.1	0.8418768927466744	0.841910445272509	0.8421115632446603	0.8416055655576697	0.841854942384881	0.8432766329981339	0.8424385665550596	0.8415183935190054	0.8424560924082697	0.841880673793981	0.8419229022243675	0.8422696340476833	0.8416338165731099	0.8416484887254119	0.8411320147933752	0.8416561286445862	0.8421676266185067	0.8420216971720611	0.8421016380425622	0.8418920046547822	0.8416136525255086	0.8412876030518199	0.8420176767192622	0.9993787742161067	0.8419064077034466	1.0	0.8421994495428434	0.841890064084112	0.842074498897798	0.9991443187232419	0.8416955470700506	0.8412769671387289	0.8418920046547822	0.8414558878740181	0.8420848526457814	0.8419244965356472	0.8418941550341128	0.8415429421733872	0.8416041944241657	0.8418794484835108	0.8419177211461846	0.8418913577978921	0.8411633830566608	0.841932161722202	0.8418780848675959	0.8421400493281671	0.841877825366635	0.8419630242282427
SRR3240398_final	0.9995876965321852	0.983786162641332	0.9996101809602915	0.9855940447676932	0.9822428420838366	0.9829889230667738	0.9023806682485095	0.9243522382915079	0.9855632234798075	0.9995913539425257	0.9995276864003787	0.9198410121124585	0.9854800549506462	0.9847617679513988	0.9190556746750684	0.9855792383963531	0.9861614263132659	0.9838824343386499	0.984267054015119	0.9995812654040075	0.9855917591283098	0.9209171364163918	0.98393997169021	0.8422844328270107	0.9995234947934608	0.8421994495428434	1.0	0.9995934254348479	0.9996179440918785	0.842399587986414	0.9858654222469106	0.9775432180060762	0.9995947556553133	0.9859679547553266	0.999412605278261	0.9995623055232059	0.9995903688643145	0.9786291481957993	0.9826487973983172	0.9995851809395054	0.9995921175615329	0.9995983323652979	0.9815563089229373	0.9821965652283786	0.9995939826357484	0.9995380977159738	0.9854144967789222	0.9235245104930335
SRR3240414_final	0.9996094236667856	0.9838279491002345	0.9995929904193417	0.9855721433533038	0.9822324410515635	0.9829947611486145	0.9016790973324474	0.9244273751751233	0.9855139441024551	0.9997686070424587	0.9995630876025916	0.9197409398108968	0.985446961760297	0.9847543875582416	0.9190573856995884	0.9855444251213812	0.9861411794114102	0.9837724925264517	0.9842717337288063	0.9997334009567972	0.9855703079948785	0.9208817992864754	0.9838121716413807	0.8419751430557508	0.9994356941864294	0.841890064084112	0.9995934254348479	1.0	0.999602508715581	0.8420889289783762	0.985803461820888	0.9773614964443446	0.9996135540872706	0.9859129429250203	0.9994989373093977	0.99960190819014	0.9996021970688845	0.9785383252325774	0.9824438240063078	0.9996112815964252	0.99976762462628	0.9995975698311856	0.9814648951144194	0.9822107662467233	0.9995361906231083	0.9995020707738613	0.9853882196642328	0.9237203311215235
SRR3240407_final	0.9996000743201718	0.9838370476968502	0.9996117825680753	0.9856066988715014	0.9822847124750523	0.9829962186135071	0.9023939640021366	0.9243433570439881	0.9855632100945396	0.999760429821675	0.9995477136156906	0.9197982377777334	0.9854925599428308	0.9847724606837066	0.919053619048441	0.9855918739953005	0.9861602863487261	0.9839244641825425	0.9843041462000706	0.9997239800464369	0.985604140323399	0.9209172017805172	0.9839727461158788	0.8421600987136266	0.9994246082446011	0.842074498897798	0.9996179440918785	0.999602508715581	1.0	0.8422754768899943	0.985860679934232	0.9775462602739033	0.9996060834640542	0.9859676979370372	0.9994261113872934	0.9995705727229768	0.9995996212815376	0.9786367175608446	0.9826424608681578	0.9995942098262532	0.9996019556138939	0.999608175211158	0.9815830535374914	0.9822471476102549	0.9995297517083827	0.9995430798032696	0.9854176805347264	0.9235019460895141
GCF_001521755.1	0.8420655734741338	0.8419465243702551	0.842312083667704	0.8416076557718062	0.8418311805221178	0.8440411715986169	0.8426428759413718	0.84152181331106	0.8423401433519035	0.8420796774116495	0.8421217376263919	0.842344386322702	0.8416953959519717	0.8416732731503976	0.8413782268736629	0.8416295792620423	0.8423570733740526	0.84206249665415	0.8421533059965254	0.8420908646295873	0.8416078871689554	0.8414271118455077	0.8420298729624902	0.9992894938048958	0.8421051952525762	0.9991443187232419	0.842399587986414	0.8420889289783762	0.8422754768899943	1.0	0.8417669366185057	0.8412797479830213	0.8420908646295873	0.8415276622820481	0.8422617419295455	0.8421234843165966	0.8420931644131056	0.8416565034127137	0.8418257037526262	0.8420790318217707	0.8420783082342091	0.8420902194125169	0.8409415691266612	0.841807406174023	0.8420770950521346	0.8423405841277964	0.8419220379955543	0.841928112078654
GCF_000240095.1	0.9858133432279409	0.9839200722685751	0.985851935328206	0.9833034744412608	0.9824292452156261	0.9823970240667246	0.9025523592214224	0.9248799228688785	0.9981549800526321	0.9858106519352469	0.9857467921758255	0.9193724273998853	0.9832393417551566	0.9832091173590378	0.9196603688509961	0.9832189753211078	0.9841608111088558	0.9833865486164409	0.9846007877329466	0.9858133997524505	0.9832574438219418	0.9197240313043593	0.9833259857806906	0.8416747282944654	0.9857749984787602	0.8416955470700506	0.9858654222469106	0.985803461820888	0.985860679934232	0.8417669366185057	1.0	0.9780172842831296	0.9858051149056724	0.9985710134531449	0.9856905289921128	0.985806596408285	0.9857991353077047	0.9791102539493428	0.9818966324517525	0.9858135574250539	0.9858185175291947	0.9858002963146744	0.9813007967021548	0.9830426841854523	0.9858093102630661	0.9858293241695304	0.9832674296340422	0.9242312453739013
GCA_000773465.1	0.9773710601907225	0.9766259729753785	0.9775210493539446	0.977872221580296	0.977589178289622	0.9793268810123551	0.8998524775923665	0.9216478443220697	0.9777914736814003	0.9773621903727047	0.9773290343586938	0.9176384775809708	0.9778222429063781	0.9778401381092234	0.9179302778473362	0.9778130067365233	0.977633982722351	0.9764197717413718	0.9769856653338271	0.9773588635435281	0.9778528972172671	0.9179130607150853	0.9764331642542486	0.8412002334874256	0.9773135316069155	0.8412769671387289	0.9775432180060762	0.9773614964443446	0.9775462602739033	0.8412797479830213	0.9780172842831296	1.0	0.9773661633458457	0.9779357921240432	0.9772349519948683	0.9773558646488534	0.9773446121184418	0.9909468086871668	0.9762308747034627	0.9773640774632653	0.9773479048190212	0.9773536681959809	0.9833641189133658	0.977442575913248	0.9773606153261178	0.9775016760941717	0.9778835686952918	0.920629017879129
SRR3240397_final	0.9996099601553026	0.9838149251638684	0.9995973852321214	0.9855701163901677	0.9822373229775442	0.9829940819689513	0.901668265798879	0.9244142854554349	0.9855030540556654	0.9996135592063214	0.9995499867440917	0.9197463755388084	0.9854448918319133	0.9847520434767048	0.9190289557750271	0.9855423884456371	0.9861417902744805	0.9837729447467607	0.9842628625913028	0.9996079655091162	0.9855682792200385	0.9208551890535615	0.9838128782561069	0.8419770775486621	0.9995407295729676	0.8418920046547822	0.9995947556553133	0.9996135540872706	0.9996060834640542	0.8420908646295873	0.9858051149056724	0.9773661633458457	1.0	0.9859040437820299	0.9994413663512858	0.9995857013457062	0.9996070323463084	0.9785394138181491	0.9824461104576182	0.99960723442603	0.9996188320412436	0.9996196438052128	0.9814734687244453	0.9822054489137848	0.9996135722986614	0.999504886074545	0.9853951451063787	0.9237093074130571
GCF_000331815.1	0.9859128349067198	0.9838120088179247	0.9859655544756346	0.9832388210280661	0.982327407782832	0.9823853287492716	0.9025167014363038	0.92492056204263	0.9980858774667601	0.9859096082640579	0.9858704334217161	0.919114223478066	0.9831888433024908	0.9831425594279484	0.9196238297789097	0.9831473120476221	0.9841559136800415	0.9834159901807059	0.9845848128849422	0.9859099081390403	0.9831929917126618	0.9196461863529022	0.9833543762508166	0.8414099529845557	0.9858840725186121	0.8414558878740181	0.9859679547553266	0.9859129429250203	0.9859676979370372	0.8415276622820481	0.9985710134531449	0.9779357921240432	0.9859040437820299	1.0	0.9857654460996208	0.9859083442170292	0.9859086629055103	0.9792053190363655	0.9819599953497615	0.9859133723812497	0.9859102636517014	0.985909536495309	0.9812165235253771	0.9830107709358503	0.9859082634532961	0.9859294101314787	0.9830978970558559	0.9241256107974761
SRR3240410_final	0.9994425793116567	0.983716498620203	0.9994221313605303	0.9852498392135183	0.9820542800051713	0.9828589709103159	0.9017059719930607	0.9245080550795832	0.9853694416372898	0.9995765862104083	0.9993865060310805	0.9197638866045231	0.9851612282645728	0.9844801245562914	0.9191175544556771	0.9852392246447408	0.9859891498635197	0.9836118791110482	0.9841660375511058	0.9995685953730199	0.9852522134719985	0.9209371701237409	0.9836408782605761	0.8421302934279249	0.9992628880371602	0.8420848526457814	0.999412605278261	0.9994989373093977	0.9994261113872934	0.8422617419295455	0.9856905289921128	0.9772349519948683	0.9994413663512858	0.9857654460996208	1.0	0.9994742720283455	0.9994306636943094	0.9784384172025101	0.9823033119963802	0.9994949627369558	0.9995011411396431	0.9994335569698553	0.9812973287722758	0.9820154298714743	0.9993644880711285	0.9993241630212939	0.9850906324435076	0.9239860547592198
SRR3240412_final	0.9995882183563899	0.9837934352758032	0.9995634774962935	0.9855555974637635	0.9822550327082926	0.9829830273734984	0.9016809809310039	0.924449968205579	0.9855069902539441	0.9997401128099136	0.9995360197475703	0.919748871317173	0.9854434028423033	0.9847378629980432	0.919047633414593	0.9855419482967588	0.9861247240759717	0.9837543745740155	0.9842248093207078	0.9997067117361467	0.9855535641899551	0.9208790964984264	0.9837962300079077	0.8420095574560874	0.9994080150237493	0.8419244965356472	0.9995623055232059	0.99960190819014	0.9995705727229768	0.8421234843165966	0.985806596408285	0.9773558646488534	0.9995857013457062	0.9859083442170292	0.9994742720283455	1.0	0.999576020188742	0.9785125637122039	0.9824408546956704	0.9995937692252409	0.9997372987785158	0.9995788734597545	0.981461408003464	0.9822134415644842	0.9995085655997448	0.9994779495912894	0.9853808750711383	0.9237364818431179
SRR3240404_final	0.9996026499470284	0.9838146795539434	0.999590670483295	0.9855568454138748	0.9822299946975369	0.9829783107201291	0.9016741155281767	0.9244358306108929	0.985508142950299	0.9997636093475618	0.9995371588447526	0.919746605538451	0.9854315703514552	0.9847385012001801	0.9190468501721023	0.9855291049976292	0.9861267407511605	0.983764335609045	0.984258994141477	0.999724499299695	0.985554999764974	0.9208746642931752	0.9838040251023007	0.8419792873976825	0.9994284026182096	0.8418941550341128	0.9995903688643145	0.9996021970688845	0.9995996212815376	0.8420931644131056	0.9857991353077047	0.9773446121184418	0.9996070323463084	0.9859086629055103	0.9994306636943094	0.999576020188742	1.0	0.9785254316706065	0.9824334085125824	0.9995936150665122	0.999606180006928	0.9996110463841132	0.9814586839970321	0.9822074775950733	0.9995302384306011	0.999497967244361	0.9853728407001932	0.9237274978745426
GCF_000735205.1	0.9785376873501549	0.9778697377930599	0.9786472006747365	0.9790827721923364	0.9791553675759546	0.9805399085797696	0.9008111477251006	0.9225633240810118	0.9790255310702888	0.9785343968969334	0.9785194256557138	0.9185894961223475	0.9789848344165893	0.9790243848476485	0.9188537966148491	0.9789967767764377	0.9789078911997726	0.9779331478028634	0.978214136992356	0.9785387094371912	0.9790992841530309	0.9188284702386669	0.9778624789741822	0.8417118373214949	0.9785059296704144	0.8415429421733872	0.9786291481957993	0.9785383252325774	0.9786367175608446	0.8416565034127137	0.9791102539493428	0.9909468086871668	0.9785394138181491	0.9792053190363655	0.9784384172025101	0.9785125637122039	0.9785254316706065	1.0	0.9773188716081862	0.9785240073295907	0.9785383744292238	0.9785375821599055	0.9845291877135521	0.9790234179183557	0.9785358742011114	0.9785904552967248	0.9789372897357973	0.9213621860820582
GCF_001482795.1	0.982446801273504	0.9806959860653164	0.9826300902920071	0.9819074065059843	0.9809683628646167	0.98040868451021	0.9019935703936433	0.9265593608896899	0.9824582908032503	0.9824427232076421	0.9824460190291388	0.9195994799834463	0.9818205559052872	0.9818159717249264	0.9201037631703636	0.9818514523818702	0.9823060628271408	0.9807129346159319	0.9812582532880753	0.9824331536176532	0.9819209869745417	0.920160675005175	0.9806505616944863	0.8417322684921088	0.9824241226361239	0.8416041944241657	0.9826487973983172	0.9824438240063078	0.9826424608681578	0.8418257037526262	0.9818966324517525	0.9762308747034627	0.9824461104576182	0.9819599953497615	0.9823033119963802	0.9824408546956704	0.9824334085125824	0.9773188716081862	1.0	0.9824444400354858	0.9824704555690558	0.9824446220921992	0.9794187253681553	0.980882354664757	0.9824428078128216	0.9825823814088867	0.9818314057610574	0.9255082221551106
SRR3240413_final	0.9996018201633378	0.9838038505915522	0.9995816313630891	0.9855629222822844	0.9822243769709221	0.9829943836721977	0.9016643498767233	0.9244169226983883	0.9855126095064312	0.9997596822294958	0.9995536928856812	0.9197480156645844	0.985437940252498	0.9847451268275859	0.9190444045490411	0.9855359760468185	0.98613165664999	0.9837721637974287	0.984251229246296	0.9997293311417914	0.9855608607438753	0.9208704755517303	0.9838123444162497	0.8419646094666386	0.9994279966274946	0.8418794484835108	0.9995851809395054	0.9996112815964252	0.9995942098262532	0.8420790318217707	0.9858135574250539	0.9773640774632653	0.99960723442603	0.9859133723812497	0.9994949627369558	0.9995937692252409	0.9995936150665122	0.9785240073295907	0.9824444400354858	1.0	0.9997579863855228	0.9995912310008371	0.9814775799610729	0.9821920102373397	0.999528589086481	0.9994937724682208	0.9853875028280291	0.923718965262013
SRR3240411_final	0.9996113840766345	0.9838282289681979	0.9995947942985174	0.9855673965362077	0.9822284858850524	0.9829920431193248	0.9016739596076716	0.9244260988109024	0.9855154186579795	0.9997656183251274	0.9995622889789563	0.9197563475117461	0.9854551455394703	0.9847487120091226	0.9190460737330667	0.9855527252764319	0.9861372185696585	0.98376672327054	0.9842807791754643	0.9997354917073972	0.9855653692729986	0.9208758822931264	0.9838095654092763	0.8419848884965164	0.9994326926746123	0.8419177211461846	0.9995921175615329	0.99976762462628	0.9996019556138939	0.8420783082342091	0.9858185175291947	0.9773479048190212	0.9996188320412436	0.9859102636517014	0.9995011411396431	0.9997372987785158	0.999606180006928	0.9785383744292238	0.9824704555690558	0.9997579863855228	1.0	0.9996058908992898	0.9814702978032207	0.9821925686280351	0.9995386205416218	0.999502251405038	0.985382215786493	0.9237569286333019
SRR3240408_final	0.9996198361932251	0.9838275046010403	0.9995829446645282	0.9855776056420231	0.9822223908538789	0.9830442638324832	0.9016685527756816	0.9244189207438236	0.9855097613882864	0.9997815948778896	0.9995671199719737	0.9197366403376243	0.985452095042151	0.9847592798840281	0.9190257002119683	0.9855523509398953	0.9861411172988265	0.9837821463911146	0.9842813375301201	0.9997349127329656	0.9855750035173644	0.9208523454330525	0.9838104559633855	0.8419764327176917	0.9994459670317315	0.8418913577978921	0.9995983323652979	0.9995975698311856	0.999608175211158	0.8420902194125169	0.9858002963146744	0.9773536681959809	0.9996196438052128	0.985909536495309	0.9994335569698553	0.9995788734597545	0.9996110463841132	0.9785375821599055	0.9824446220921992	0.9995912310008371	0.9996058908992898	1.0	0.9814713467023899	0.9822011717743275	0.9995480979122887	0.9995118234392674	0.9853963419333224	0.9237015237760201
GCF_000447375.1	0.9814711690825105	0.9804071634063743	0.9815588079620978	0.9818145440732569	0.9815066161979911	0.9818553335484721	0.901414018667348	0.923831771136571	0.9816431994697162	0.9814693680076764	0.9814550637823926	0.918852070824663	0.9817234820758456	0.9816428793386279	0.9195758405150722	0.9816770358977684	0.9811914583748649	0.9805830580683232	0.9809617733766923	0.9814639491157723	0.9817430340449564	0.9195951393798688	0.9805598408988948	0.8412221716487158	0.9814135055957307	0.8411633830566608	0.9815563089229373	0.9814648951144194	0.9815830535374914	0.8409415691266612	0.9813007967021548	0.9833641189133658	0.9814734687244453	0.9812165235253771	0.9812973287722758	0.981461408003464	0.9814586839970321	0.9845291877135521	0.9794187253681553	0.9814775799610729	0.9814702978032207	0.9814713467023899	1.0	0.9807710638517125	0.9814705975745994	0.9815423075445059	0.9818817971310184	0.9228193711155657
